# arm,pair,groups,capacity,growths,agg_ms,rehash_ms,probes_per_lookup,max_probe_current,max_probe_lifetime
natural,1,147456,524288,5,43.5,17.463,1.2842,11,32
presized,1,147456,524288,0,26.5,0.000,1.2048,11,11
natural,2,147456,524288,5,38.6,17.310,1.2842,11,32
presized,2,147456,524288,0,22.3,0.000,1.2048,11,11
natural,3,147456,524288,5,38.4,17.054,1.2842,11,32
presized,3,147456,524288,0,34.3,0.000,1.2048,11,11
natural,4,147456,524288,5,43.4,18.956,1.2842,11,32
presized,4,147456,524288,0,25.1,0.000,1.2048,11,11
natural,5,147456,524288,5,40.9,19.131,1.2842,11,32
presized,5,147456,524288,0,26.8,0.000,1.2048,11,11
natural,6,147456,524288,5,42.5,17.836,1.2842,11,32
presized,6,147456,524288,0,26.5,0.000,1.2048,11,11
natural,7,147456,524288,5,41.7,17.170,1.2842,11,32
presized,7,147456,524288,0,28.0,0.000,1.2048,11,11
natural,8,147456,524288,5,39.3,16.950,1.2842,11,32
presized,8,147456,524288,0,23.9,0.000,1.2048,11,11
natural,9,147456,524288,5,38.7,17.373,1.2842,11,32
presized,9,147456,524288,0,22.6,0.000,1.2048,11,11
natural,10,147456,524288,5,38.0,16.819,1.2842,11,32
presized,10,147456,524288,0,26.0,0.000,1.2048,11,11
